16
0 1 6 5 25 26 27 28 29 1.0 1.0 1.0 1.0
1 2 7 6 30 31 32 33 34 1.0 1.0 1.0 1.0
2 3 8 7 35 36 37 38 39 1.0 1.0 1.0 1.0
3 4 9 8 40 41 42 43 44 1.0 1.0 1.0 1.0
5 6 11 10 45 46 47 48 49 1.0 1.0 1.0 1.0
6 7 12 11 50 51 52 53 54 1.0 1.0 1.0 1.0
7 8 13 12 55 56 57 58 59 1.0 1.0 1.0 1.0
8 9 14 13 60 61 62 63 64 1.0 1.0 1.0 1.0
10 11 16 15 65 66 67 68 69 1.0 1.0 1.0 1.0
11 12 17 16 70 71 72 73 74 1.0 1.0 1.0 1.0
12 13 18 17 75 76 77 78 79 1.0 1.0 1.0 1.0
13 14 19 18 80 81 82 83 84 1.0 1.0 1.0 1.0
15 16 21 20 85 86 87 88 89 1.0 1.0 1.0 1.0
16 17 22 21 90 91 92 93 94 1.0 1.0 1.0 1.0
17 18 23 22 95 96 97 98 99 1.0 1.0 1.0 1.0
18 19 24 23 100 101 102 103 104 1.0 1.0 1.0 1.0